MIBPB: -2269.5073490473942
GB: -2296.8
yhat: [-13.079835]
abs error: 0
time: 47.55191085860133
