MIBPB: -1584.5607515053673
GB: -1612.4
yhat: [5.894271]
abs error: 0
time: 18.676024372689426
