MIBPB: -1367.4928442183739
GB: -1388.77
yhat: [0.14414981]
abs error: 0
time: 18.80690157506615
