MIBPB: -1241.9076158070809
GB: -1261.4
yhat: [7.533041]
abs error: 0
time: 22.129492482170463
