MIBPB: -1252.4758815440457
GB: -1275.47
yhat: [16.883463]
abs error: 0
time: 22.593430262990296
