MIBPB: -2051.7112546723715
GB: -2064.58
yhat: [-32.957672]
abs error: 0
time: 47.04709437023848
