MIBPB: -1370.7973899565000
GB: -1392
yhat: [0.42276117]
abs error: 0
time: 18.124132592231035
