MIBPB: -2178.7466821033017
GB: -2165.91
yhat: [-35.187885]
abs error: 0
time: 45.86880371812731
