MIBPB: -2063.7289156411662
GB: -2074.16
yhat: [-39.49298]
abs error: 0
time: 46.70213705860078
