MIBPB: -2172.1024733554541
GB: -2180.28
yhat: [-38.011898]
abs error: 0
time: 47.05984634254128
