MIBPB: -1282.2934252441246
GB: -1302.31
yhat: [15.100926]
abs error: 0
time: 22.492657544091344
