MIBPB: -1571.0650926412418
GB: -1595.39
yhat: [101.24424]
abs error: 0
time: 19.237689083442092
