MIBPB: -1298.6240777709602
GB: -1311.68
yhat: [13.726519]
abs error: 0
time: 23.418823424726725
