MIBPB: -2243.0162686260669
GB: -2266.1
yhat: [-36.922054]
abs error: 0
time: 47.01589803677052
