MIBPB: -2251.7649167289815
GB: -2271.81
yhat: [87.77547]
abs error: 0
time: 48.50659335125238
