MIBPB: -1572.4996514511502
GB: -1597.04
yhat: [0.14414981]
abs error: 0
time: 18.34708728827536
