MIBPB: -1266.8754222864234
GB: -1293.4
yhat: [14.865569]
abs error: 0
time: 23.2696226965636
