MIBPB: -1187.7931793872860
GB: -1210.07
yhat: [17.180208]
abs error: 0
time: 21.793563556857407
