MIBPB: -2381.1599696093881
GB: -2406.28
yhat: [-16.621109]
abs error: 0
time: 47.342840887606144
