MIBPB: -1254.1101782403409
GB: -1276.18
yhat: [7.095735]
abs error: 0
time: 22.227159140631557
