MIBPB: -1432.7912285641019
GB: -1456.45
yhat: [6.256129]
abs error: 0
time: 18.580198935233057
