MIBPB: -1397.0547175236518
GB: -1417.27
yhat: [0.14414981]
abs error: 0
time: 18.535932447761297
