MIBPB: -1311.6353507837043
GB: -1332.79
yhat: [0.14414981]
abs error: 0
time: 18.748535953462124
