MIBPB: -1287.4307395688004
GB: -1300.84
yhat: [17.24259]
abs error: 0
time: 22.495012207888067
